{
 "cells": [
  {
   "cell_type": "markdown",
   "metadata": {},
   "source": [
    "# Classification"
   ]
  },
  {
   "cell_type": "code",
   "execution_count": 19,
   "metadata": {},
   "outputs": [],
   "source": [
    "import pandas as pd\n",
    "import numpy as np\n",
    "\n",
    "class1 = pd.read_csv(\"classification.csv\")"
   ]
  },
  {
   "cell_type": "code",
   "execution_count": 9,
   "metadata": {},
   "outputs": [
    {
     "data": {
      "text/plain": [
       "v_1       1.000000\n",
       "v_2       1.000000\n",
       "v_3       1.926209\n",
       "v_4       1.000000\n",
       "v_5       1.000000\n",
       "v_6       1.000000\n",
       "v_7       1.000000\n",
       "v_8       1.000000\n",
       "v_9       1.000000\n",
       "v_10      1.000000\n",
       "v_11      1.926209\n",
       "v_12      1.000000\n",
       "target    1.000000\n",
       "dtype: float64"
      ]
     },
     "execution_count": 9,
     "metadata": {},
     "output_type": "execute_result"
    }
   ],
   "source": [
    "corr_matrix = class1.corr()\n",
    "\n",
    "corr_matrix[corr_matrix >= 0.9].sum()"
   ]
  },
  {
   "cell_type": "code",
   "execution_count": 10,
   "metadata": {},
   "outputs": [
    {
     "data": {
      "text/html": [
       "<div>\n",
       "<style scoped>\n",
       "    .dataframe tbody tr th:only-of-type {\n",
       "        vertical-align: middle;\n",
       "    }\n",
       "\n",
       "    .dataframe tbody tr th {\n",
       "        vertical-align: top;\n",
       "    }\n",
       "\n",
       "    .dataframe thead th {\n",
       "        text-align: right;\n",
       "    }\n",
       "</style>\n",
       "<table border=\"1\" class=\"dataframe\">\n",
       "  <thead>\n",
       "    <tr style=\"text-align: right;\">\n",
       "      <th></th>\n",
       "      <th>v_1</th>\n",
       "      <th>v_2</th>\n",
       "      <th>v_3</th>\n",
       "      <th>v_4</th>\n",
       "      <th>v_5</th>\n",
       "      <th>v_6</th>\n",
       "      <th>v_7</th>\n",
       "      <th>v_8</th>\n",
       "      <th>v_9</th>\n",
       "      <th>v_10</th>\n",
       "      <th>v_11</th>\n",
       "      <th>v_12</th>\n",
       "      <th>target</th>\n",
       "    </tr>\n",
       "  </thead>\n",
       "  <tbody>\n",
       "    <tr>\n",
       "      <th>v_1</th>\n",
       "      <td>1.000000</td>\n",
       "      <td>0.358444</td>\n",
       "      <td>-0.291931</td>\n",
       "      <td>-0.333528</td>\n",
       "      <td>0.204706</td>\n",
       "      <td>0.182503</td>\n",
       "      <td>0.542077</td>\n",
       "      <td>0.192874</td>\n",
       "      <td>0.618609</td>\n",
       "      <td>-0.776538</td>\n",
       "      <td>-0.195194</td>\n",
       "      <td>-0.466388</td>\n",
       "      <td>0.129294</td>\n",
       "    </tr>\n",
       "    <tr>\n",
       "      <th>v_2</th>\n",
       "      <td>0.358444</td>\n",
       "      <td>1.000000</td>\n",
       "      <td>-0.192374</td>\n",
       "      <td>-0.322927</td>\n",
       "      <td>0.142711</td>\n",
       "      <td>0.765650</td>\n",
       "      <td>0.103451</td>\n",
       "      <td>-0.264760</td>\n",
       "      <td>-0.217733</td>\n",
       "      <td>-0.482656</td>\n",
       "      <td>-0.127969</td>\n",
       "      <td>-0.055539</td>\n",
       "      <td>0.559967</td>\n",
       "    </tr>\n",
       "    <tr>\n",
       "      <th>v_3</th>\n",
       "      <td>-0.291931</td>\n",
       "      <td>-0.192374</td>\n",
       "      <td>1.000000</td>\n",
       "      <td>-0.103415</td>\n",
       "      <td>-0.776988</td>\n",
       "      <td>-0.041681</td>\n",
       "      <td>0.360740</td>\n",
       "      <td>0.212378</td>\n",
       "      <td>-0.532305</td>\n",
       "      <td>0.021155</td>\n",
       "      <td>0.926209</td>\n",
       "      <td>-0.217091</td>\n",
       "      <td>-0.125574</td>\n",
       "    </tr>\n",
       "    <tr>\n",
       "      <th>v_4</th>\n",
       "      <td>-0.333528</td>\n",
       "      <td>-0.322927</td>\n",
       "      <td>-0.103415</td>\n",
       "      <td>1.000000</td>\n",
       "      <td>0.299495</td>\n",
       "      <td>-0.282172</td>\n",
       "      <td>-0.092524</td>\n",
       "      <td>0.376553</td>\n",
       "      <td>0.078786</td>\n",
       "      <td>0.129084</td>\n",
       "      <td>0.014002</td>\n",
       "      <td>-0.085106</td>\n",
       "      <td>-0.607962</td>\n",
       "    </tr>\n",
       "    <tr>\n",
       "      <th>v_5</th>\n",
       "      <td>0.204706</td>\n",
       "      <td>0.142711</td>\n",
       "      <td>-0.776988</td>\n",
       "      <td>0.299495</td>\n",
       "      <td>1.000000</td>\n",
       "      <td>0.278548</td>\n",
       "      <td>-0.207491</td>\n",
       "      <td>-0.325802</td>\n",
       "      <td>0.175219</td>\n",
       "      <td>0.151897</td>\n",
       "      <td>-0.494429</td>\n",
       "      <td>0.069827</td>\n",
       "      <td>0.007646</td>\n",
       "    </tr>\n",
       "    <tr>\n",
       "      <th>v_6</th>\n",
       "      <td>0.182503</td>\n",
       "      <td>0.765650</td>\n",
       "      <td>-0.041681</td>\n",
       "      <td>-0.282172</td>\n",
       "      <td>0.278548</td>\n",
       "      <td>1.000000</td>\n",
       "      <td>0.356563</td>\n",
       "      <td>-0.178429</td>\n",
       "      <td>-0.395594</td>\n",
       "      <td>-0.019067</td>\n",
       "      <td>0.104854</td>\n",
       "      <td>0.283439</td>\n",
       "      <td>0.355963</td>\n",
       "    </tr>\n",
       "    <tr>\n",
       "      <th>v_7</th>\n",
       "      <td>0.542077</td>\n",
       "      <td>0.103451</td>\n",
       "      <td>0.360740</td>\n",
       "      <td>-0.092524</td>\n",
       "      <td>-0.207491</td>\n",
       "      <td>0.356563</td>\n",
       "      <td>1.000000</td>\n",
       "      <td>0.693908</td>\n",
       "      <td>0.254606</td>\n",
       "      <td>-0.379219</td>\n",
       "      <td>0.404380</td>\n",
       "      <td>-0.099598</td>\n",
       "      <td>-0.279007</td>\n",
       "    </tr>\n",
       "    <tr>\n",
       "      <th>v_8</th>\n",
       "      <td>0.192874</td>\n",
       "      <td>-0.264760</td>\n",
       "      <td>0.212378</td>\n",
       "      <td>0.376553</td>\n",
       "      <td>-0.325802</td>\n",
       "      <td>-0.178429</td>\n",
       "      <td>0.693908</td>\n",
       "      <td>1.000000</td>\n",
       "      <td>0.527153</td>\n",
       "      <td>-0.245077</td>\n",
       "      <td>0.102050</td>\n",
       "      <td>0.066048</td>\n",
       "      <td>-0.613567</td>\n",
       "    </tr>\n",
       "    <tr>\n",
       "      <th>v_9</th>\n",
       "      <td>0.618609</td>\n",
       "      <td>-0.217733</td>\n",
       "      <td>-0.532305</td>\n",
       "      <td>0.078786</td>\n",
       "      <td>0.175219</td>\n",
       "      <td>-0.395594</td>\n",
       "      <td>0.254606</td>\n",
       "      <td>0.527153</td>\n",
       "      <td>1.000000</td>\n",
       "      <td>-0.408153</td>\n",
       "      <td>-0.602081</td>\n",
       "      <td>-0.080183</td>\n",
       "      <td>-0.285478</td>\n",
       "    </tr>\n",
       "    <tr>\n",
       "      <th>v_10</th>\n",
       "      <td>-0.776538</td>\n",
       "      <td>-0.482656</td>\n",
       "      <td>0.021155</td>\n",
       "      <td>0.129084</td>\n",
       "      <td>0.151897</td>\n",
       "      <td>-0.019067</td>\n",
       "      <td>-0.379219</td>\n",
       "      <td>-0.245077</td>\n",
       "      <td>-0.408153</td>\n",
       "      <td>1.000000</td>\n",
       "      <td>0.004716</td>\n",
       "      <td>0.708080</td>\n",
       "      <td>-0.141712</td>\n",
       "    </tr>\n",
       "    <tr>\n",
       "      <th>v_11</th>\n",
       "      <td>-0.195194</td>\n",
       "      <td>-0.127969</td>\n",
       "      <td>0.926209</td>\n",
       "      <td>0.014002</td>\n",
       "      <td>-0.494429</td>\n",
       "      <td>0.104854</td>\n",
       "      <td>0.404380</td>\n",
       "      <td>0.102050</td>\n",
       "      <td>-0.602081</td>\n",
       "      <td>0.004716</td>\n",
       "      <td>1.000000</td>\n",
       "      <td>-0.361245</td>\n",
       "      <td>-0.141878</td>\n",
       "    </tr>\n",
       "    <tr>\n",
       "      <th>v_12</th>\n",
       "      <td>-0.466388</td>\n",
       "      <td>-0.055539</td>\n",
       "      <td>-0.217091</td>\n",
       "      <td>-0.085106</td>\n",
       "      <td>0.069827</td>\n",
       "      <td>0.283439</td>\n",
       "      <td>-0.099598</td>\n",
       "      <td>0.066048</td>\n",
       "      <td>-0.080183</td>\n",
       "      <td>0.708080</td>\n",
       "      <td>-0.361245</td>\n",
       "      <td>1.000000</td>\n",
       "      <td>-0.015484</td>\n",
       "    </tr>\n",
       "    <tr>\n",
       "      <th>target</th>\n",
       "      <td>0.129294</td>\n",
       "      <td>0.559967</td>\n",
       "      <td>-0.125574</td>\n",
       "      <td>-0.607962</td>\n",
       "      <td>0.007646</td>\n",
       "      <td>0.355963</td>\n",
       "      <td>-0.279007</td>\n",
       "      <td>-0.613567</td>\n",
       "      <td>-0.285478</td>\n",
       "      <td>-0.141712</td>\n",
       "      <td>-0.141878</td>\n",
       "      <td>-0.015484</td>\n",
       "      <td>1.000000</td>\n",
       "    </tr>\n",
       "  </tbody>\n",
       "</table>\n",
       "</div>"
      ],
      "text/plain": [
       "             v_1       v_2       v_3       v_4       v_5       v_6       v_7  \\\n",
       "v_1     1.000000  0.358444 -0.291931 -0.333528  0.204706  0.182503  0.542077   \n",
       "v_2     0.358444  1.000000 -0.192374 -0.322927  0.142711  0.765650  0.103451   \n",
       "v_3    -0.291931 -0.192374  1.000000 -0.103415 -0.776988 -0.041681  0.360740   \n",
       "v_4    -0.333528 -0.322927 -0.103415  1.000000  0.299495 -0.282172 -0.092524   \n",
       "v_5     0.204706  0.142711 -0.776988  0.299495  1.000000  0.278548 -0.207491   \n",
       "v_6     0.182503  0.765650 -0.041681 -0.282172  0.278548  1.000000  0.356563   \n",
       "v_7     0.542077  0.103451  0.360740 -0.092524 -0.207491  0.356563  1.000000   \n",
       "v_8     0.192874 -0.264760  0.212378  0.376553 -0.325802 -0.178429  0.693908   \n",
       "v_9     0.618609 -0.217733 -0.532305  0.078786  0.175219 -0.395594  0.254606   \n",
       "v_10   -0.776538 -0.482656  0.021155  0.129084  0.151897 -0.019067 -0.379219   \n",
       "v_11   -0.195194 -0.127969  0.926209  0.014002 -0.494429  0.104854  0.404380   \n",
       "v_12   -0.466388 -0.055539 -0.217091 -0.085106  0.069827  0.283439 -0.099598   \n",
       "target  0.129294  0.559967 -0.125574 -0.607962  0.007646  0.355963 -0.279007   \n",
       "\n",
       "             v_8       v_9      v_10      v_11      v_12    target  \n",
       "v_1     0.192874  0.618609 -0.776538 -0.195194 -0.466388  0.129294  \n",
       "v_2    -0.264760 -0.217733 -0.482656 -0.127969 -0.055539  0.559967  \n",
       "v_3     0.212378 -0.532305  0.021155  0.926209 -0.217091 -0.125574  \n",
       "v_4     0.376553  0.078786  0.129084  0.014002 -0.085106 -0.607962  \n",
       "v_5    -0.325802  0.175219  0.151897 -0.494429  0.069827  0.007646  \n",
       "v_6    -0.178429 -0.395594 -0.019067  0.104854  0.283439  0.355963  \n",
       "v_7     0.693908  0.254606 -0.379219  0.404380 -0.099598 -0.279007  \n",
       "v_8     1.000000  0.527153 -0.245077  0.102050  0.066048 -0.613567  \n",
       "v_9     0.527153  1.000000 -0.408153 -0.602081 -0.080183 -0.285478  \n",
       "v_10   -0.245077 -0.408153  1.000000  0.004716  0.708080 -0.141712  \n",
       "v_11    0.102050 -0.602081  0.004716  1.000000 -0.361245 -0.141878  \n",
       "v_12    0.066048 -0.080183  0.708080 -0.361245  1.000000 -0.015484  \n",
       "target -0.613567 -0.285478 -0.141712 -0.141878 -0.015484  1.000000  "
      ]
     },
     "execution_count": 10,
     "metadata": {},
     "output_type": "execute_result"
    }
   ],
   "source": [
    "corr_matrix"
   ]
  },
  {
   "cell_type": "code",
   "execution_count": 5,
   "metadata": {},
   "outputs": [
    {
     "data": {
      "text/html": [
       "<div>\n",
       "<style scoped>\n",
       "    .dataframe tbody tr th:only-of-type {\n",
       "        vertical-align: middle;\n",
       "    }\n",
       "\n",
       "    .dataframe tbody tr th {\n",
       "        vertical-align: top;\n",
       "    }\n",
       "\n",
       "    .dataframe thead th {\n",
       "        text-align: right;\n",
       "    }\n",
       "</style>\n",
       "<table border=\"1\" class=\"dataframe\">\n",
       "  <thead>\n",
       "    <tr style=\"text-align: right;\">\n",
       "      <th></th>\n",
       "      <th>v_1</th>\n",
       "      <th>v_2</th>\n",
       "      <th>v_3</th>\n",
       "      <th>v_4</th>\n",
       "      <th>v_5</th>\n",
       "      <th>v_6</th>\n",
       "      <th>v_7</th>\n",
       "      <th>v_8</th>\n",
       "      <th>v_9</th>\n",
       "      <th>v_10</th>\n",
       "      <th>v_11</th>\n",
       "      <th>v_12</th>\n",
       "      <th>target</th>\n",
       "    </tr>\n",
       "  </thead>\n",
       "  <tbody>\n",
       "    <tr>\n",
       "      <th>count</th>\n",
       "      <td>1800.000000</td>\n",
       "      <td>1800.000000</td>\n",
       "      <td>1800.000000</td>\n",
       "      <td>1800.000000</td>\n",
       "      <td>1800.000000</td>\n",
       "      <td>1800.000000</td>\n",
       "      <td>1800.000000</td>\n",
       "      <td>1800.000000</td>\n",
       "      <td>1800.000000</td>\n",
       "      <td>1800.000000</td>\n",
       "      <td>1800.000000</td>\n",
       "      <td>1800.000000</td>\n",
       "      <td>1800.000000</td>\n",
       "    </tr>\n",
       "    <tr>\n",
       "      <th>mean</th>\n",
       "      <td>-0.511946</td>\n",
       "      <td>0.029368</td>\n",
       "      <td>0.102888</td>\n",
       "      <td>-0.157062</td>\n",
       "      <td>-1.061615</td>\n",
       "      <td>-1.202088</td>\n",
       "      <td>-0.557339</td>\n",
       "      <td>0.706537</td>\n",
       "      <td>0.486094</td>\n",
       "      <td>-0.649257</td>\n",
       "      <td>-0.642308</td>\n",
       "      <td>0.026067</td>\n",
       "      <td>0.550556</td>\n",
       "    </tr>\n",
       "    <tr>\n",
       "      <th>std</th>\n",
       "      <td>3.157810</td>\n",
       "      <td>1.751569</td>\n",
       "      <td>2.003690</td>\n",
       "      <td>1.611714</td>\n",
       "      <td>1.426915</td>\n",
       "      <td>2.053804</td>\n",
       "      <td>1.632385</td>\n",
       "      <td>2.726397</td>\n",
       "      <td>1.644239</td>\n",
       "      <td>1.855859</td>\n",
       "      <td>1.869548</td>\n",
       "      <td>1.524047</td>\n",
       "      <td>0.497576</td>\n",
       "    </tr>\n",
       "    <tr>\n",
       "      <th>min</th>\n",
       "      <td>-12.525340</td>\n",
       "      <td>-5.231960</td>\n",
       "      <td>-6.597090</td>\n",
       "      <td>-4.896670</td>\n",
       "      <td>-5.867850</td>\n",
       "      <td>-6.448870</td>\n",
       "      <td>-5.652650</td>\n",
       "      <td>-7.760350</td>\n",
       "      <td>-4.825480</td>\n",
       "      <td>-6.512840</td>\n",
       "      <td>-7.047690</td>\n",
       "      <td>-4.202530</td>\n",
       "      <td>0.000000</td>\n",
       "    </tr>\n",
       "    <tr>\n",
       "      <th>25%</th>\n",
       "      <td>-2.680907</td>\n",
       "      <td>-1.168230</td>\n",
       "      <td>-1.179710</td>\n",
       "      <td>-1.274385</td>\n",
       "      <td>-2.003583</td>\n",
       "      <td>-2.624455</td>\n",
       "      <td>-1.718805</td>\n",
       "      <td>-1.284353</td>\n",
       "      <td>-0.586963</td>\n",
       "      <td>-1.936177</td>\n",
       "      <td>-1.865870</td>\n",
       "      <td>-1.096765</td>\n",
       "      <td>0.000000</td>\n",
       "    </tr>\n",
       "    <tr>\n",
       "      <th>50%</th>\n",
       "      <td>-0.593210</td>\n",
       "      <td>-0.082700</td>\n",
       "      <td>0.148440</td>\n",
       "      <td>-0.242765</td>\n",
       "      <td>-1.066085</td>\n",
       "      <td>-1.328955</td>\n",
       "      <td>-0.562480</td>\n",
       "      <td>0.884630</td>\n",
       "      <td>0.569110</td>\n",
       "      <td>-0.541495</td>\n",
       "      <td>-0.555150</td>\n",
       "      <td>-0.029350</td>\n",
       "      <td>1.000000</td>\n",
       "    </tr>\n",
       "    <tr>\n",
       "      <th>75%</th>\n",
       "      <td>1.801338</td>\n",
       "      <td>1.262868</td>\n",
       "      <td>1.509780</td>\n",
       "      <td>0.938377</td>\n",
       "      <td>-0.128780</td>\n",
       "      <td>0.092840</td>\n",
       "      <td>0.569145</td>\n",
       "      <td>2.811808</td>\n",
       "      <td>1.632197</td>\n",
       "      <td>0.682680</td>\n",
       "      <td>0.694340</td>\n",
       "      <td>1.141643</td>\n",
       "      <td>1.000000</td>\n",
       "    </tr>\n",
       "    <tr>\n",
       "      <th>max</th>\n",
       "      <td>9.522590</td>\n",
       "      <td>6.302680</td>\n",
       "      <td>6.060580</td>\n",
       "      <td>6.844090</td>\n",
       "      <td>3.756250</td>\n",
       "      <td>6.100570</td>\n",
       "      <td>4.435020</td>\n",
       "      <td>8.434730</td>\n",
       "      <td>6.738850</td>\n",
       "      <td>4.648430</td>\n",
       "      <td>5.040900</td>\n",
       "      <td>5.771390</td>\n",
       "      <td>1.000000</td>\n",
       "    </tr>\n",
       "  </tbody>\n",
       "</table>\n",
       "</div>"
      ],
      "text/plain": [
       "               v_1          v_2          v_3          v_4          v_5  \\\n",
       "count  1800.000000  1800.000000  1800.000000  1800.000000  1800.000000   \n",
       "mean     -0.511946     0.029368     0.102888    -0.157062    -1.061615   \n",
       "std       3.157810     1.751569     2.003690     1.611714     1.426915   \n",
       "min     -12.525340    -5.231960    -6.597090    -4.896670    -5.867850   \n",
       "25%      -2.680907    -1.168230    -1.179710    -1.274385    -2.003583   \n",
       "50%      -0.593210    -0.082700     0.148440    -0.242765    -1.066085   \n",
       "75%       1.801338     1.262868     1.509780     0.938377    -0.128780   \n",
       "max       9.522590     6.302680     6.060580     6.844090     3.756250   \n",
       "\n",
       "               v_6          v_7          v_8          v_9         v_10  \\\n",
       "count  1800.000000  1800.000000  1800.000000  1800.000000  1800.000000   \n",
       "mean     -1.202088    -0.557339     0.706537     0.486094    -0.649257   \n",
       "std       2.053804     1.632385     2.726397     1.644239     1.855859   \n",
       "min      -6.448870    -5.652650    -7.760350    -4.825480    -6.512840   \n",
       "25%      -2.624455    -1.718805    -1.284353    -0.586963    -1.936177   \n",
       "50%      -1.328955    -0.562480     0.884630     0.569110    -0.541495   \n",
       "75%       0.092840     0.569145     2.811808     1.632197     0.682680   \n",
       "max       6.100570     4.435020     8.434730     6.738850     4.648430   \n",
       "\n",
       "              v_11         v_12       target  \n",
       "count  1800.000000  1800.000000  1800.000000  \n",
       "mean     -0.642308     0.026067     0.550556  \n",
       "std       1.869548     1.524047     0.497576  \n",
       "min      -7.047690    -4.202530     0.000000  \n",
       "25%      -1.865870    -1.096765     0.000000  \n",
       "50%      -0.555150    -0.029350     1.000000  \n",
       "75%       0.694340     1.141643     1.000000  \n",
       "max       5.040900     5.771390     1.000000  "
      ]
     },
     "execution_count": 5,
     "metadata": {},
     "output_type": "execute_result"
    }
   ],
   "source": [
    "class1.describe()"
   ]
  },
  {
   "cell_type": "code",
   "execution_count": 21,
   "metadata": {},
   "outputs": [],
   "source": [
    "class1.drop(\"v_11\", axis=1, inplace=True) #v_3 and v_11 are highly correlated."
   ]
  },
  {
   "cell_type": "code",
   "execution_count": 22,
   "metadata": {
    "scrolled": true
   },
   "outputs": [
    {
     "name": "stdout",
     "output_type": "stream",
     "text": [
      "Intervalo: [92.67343456504604, 96.77100987939843]\n",
      "Média: 94.72222222222223\n"
     ]
    }
   ],
   "source": [
    "from sklearn.model_selection import KFold, cross_val_score, train_test_split, cross_validate\n",
    "from sklearn.tree import DecisionTreeClassifier\n",
    "from sklearn.linear_model import LogisticRegression\n",
    "from sklearn.svm import SVC\n",
    "from sklearn.tree import DecisionTreeClassifier\n",
    "from sklearn.ensemble import RandomForestClassifier\n",
    "from sklearn.ensemble import AdaBoostClassifier\n",
    "from sklearn.metrics import accuracy_score\n",
    "from sklearn.preprocessing import MinMaxScaler\n",
    "from sklearn.pipeline import Pipeline\n",
    "from sklearn.metrics import confusion_matrix, make_scorer\n",
    "\n",
    "\n",
    "def crossval(model, data, scoring=\"accuracy\", n_splits=5, SEED=301, scaler=False):\n",
    "    if scaler:\n",
    "        pipe = Pipeline([('scaler', MinMaxScaler()), ('clf', model)])\n",
    "    else:\n",
    "        pipe=model\n",
    "    np.random.seed(SEED)\n",
    "    x_total = data.iloc[:, :-1]\n",
    "    y_total = data.iloc[:, -1]\n",
    "\n",
    "    kfold = KFold(n_splits=5, shuffle=True, random_state=SEED)\n",
    "    cvscore = cross_val_score(pipe, x_total, y_total, cv=kfold, scoring=scoring)\n",
    "    std = cvscore.std()\n",
    "    mean = cvscore.mean()\n",
    "\n",
    "    print(f\"Intervalo: [{100*(mean-2*std)}, {100*(mean+2*std)}]\\nMédia: {100*mean}\")\n",
    "\n",
    "crossval(RandomForestClassifier(), class1)"
   ]
  },
  {
   "cell_type": "code",
   "execution_count": null,
   "metadata": {},
   "outputs": [],
   "source": []
  }
 ],
 "metadata": {
  "kernelspec": {
   "display_name": "Python 3",
   "language": "python",
   "name": "python3"
  },
  "language_info": {
   "codemirror_mode": {
    "name": "ipython",
    "version": 3
   },
   "file_extension": ".py",
   "mimetype": "text/x-python",
   "name": "python",
   "nbconvert_exporter": "python",
   "pygments_lexer": "ipython3",
   "version": "3.8.5"
  }
 },
 "nbformat": 4,
 "nbformat_minor": 4
}
